,target_shift1,close,close_mv10,close_mv20,close_mv5,dayofmonth_freq_cos,dayofmonth_freq_sin,fast_d,fast_k,fore,fore_mv10,fore_mv20,fore_mv5,inst,inst_mv10,inst_mv20,inst_mv5,kospi,kospi_mv10,kospi_mv20,kospi_mv5,mfi,obv,obv_ema,trading_amount,trading_amount_mv10,trading_amount_mv20,trading_amount_mv5,volume,volume_mv10,volume_mv20,volume_mv5,weekday,weeknum
target_shift1,0.0,0.02,0.062,0.118,0.04,0.055,0.055,0.186,0.167,0.101,0.279,0.311,0.232,0.201,0.333,0.372,0.32,0.407,0.501,0.554,0.461,0.217,0.484,0.536,0.235,0.303,0.312,0.285,0.287,0.381,0.396,0.353,0.021,0.114
close,0.02,0.0,0.049,0.106,0.024,0.055,0.053,0.189,0.17,0.104,0.291,0.317,0.23,0.202,0.347,0.377,0.329,0.399,0.494,0.55,0.45,0.224,0.475,0.537,0.242,0.308,0.315,0.292,0.294,0.389,0.404,0.363,0.024,0.118
close_mv10,0.062,0.049,0.0,0.035,0.016,0.042,0.039,0.139,0.111,0.071,0.271,0.358,0.172,0.134,0.347,0.371,0.268,0.4,0.463,0.526,0.431,0.227,0.488,0.525,0.237,0.337,0.349,0.31,0.28,0.418,0.448,0.374,0.009,0.072
close_mv20,0.118,0.106,0.035,0.0,0.071,0.021,0.021,0.125,0.108,0.05,0.192,0.326,0.114,0.095,0.275,0.332,0.202,0.397,0.441,0.483,0.422,0.218,0.49,0.5,0.228,0.344,0.375,0.305,0.267,0.415,0.47,0.362,0.007,0.048
close_mv5,0.04,0.024,0.016,0.071,0.0,0.054,0.045,0.17,0.135,0.081,0.299,0.338,0.193,0.161,0.366,0.38,0.312,0.401,0.48,0.543,0.438,0.23,0.48,0.534,0.238,0.324,0.332,0.307,0.285,0.407,0.427,0.376,0.01,0.102
dayofmonth_freq_cos,0.055,0.055,0.042,0.021,0.054,0.0,0.0,0.08,0.068,0.061,0.128,0.035,0.12,0.06,0.108,0.051,0.082,0.0,0.0,0.0,0.0,0.112,0.04,0.036,0.098,0.07,0.02,0.101,0.098,0.076,0.022,0.106,0.0,0.0
dayofmonth_freq_sin,0.055,0.053,0.039,0.021,0.045,0.0,0.0,0.124,0.137,0.096,0.1,0.032,0.117,0.071,0.104,0.053,0.121,0.0,0.0,0.0,0.0,0.065,0.06,0.034,0.062,0.085,0.023,0.089,0.067,0.082,0.025,0.088,0.0,0.0
fast_d,0.186,0.189,0.139,0.125,0.17,0.08,0.124,0.0,0.018,0.098,0.2,0.203,0.171,0.187,0.31,0.334,0.291,0.126,0.132,0.145,0.127,0.175,0.192,0.137,0.14,0.221,0.241,0.2,0.149,0.234,0.27,0.211,0.017,0.136
fast_k,0.167,0.17,0.111,0.108,0.135,0.068,0.137,0.018,0.0,0.138,0.192,0.21,0.18,0.191,0.246,0.284,0.247,0.117,0.119,0.132,0.113,0.178,0.174,0.114,0.167,0.2,0.217,0.192,0.175,0.214,0.248,0.201,0.037,0.129
fore,0.101,0.104,0.071,0.05,0.081,0.061,0.096,0.098,0.138,0.0,0.066,0.043,0.099,0.199,0.121,0.085,0.182,0.071,0.056,0.058,0.059,0.15,0.075,0.085,0.277,0.135,0.065,0.178,0.291,0.147,0.082,0.192,0.059,0.076
fore_mv10,0.279,0.291,0.271,0.192,0.299,0.128,0.1,0.2,0.192,0.066,0.0,0.07,0.065,0.159,0.352,0.283,0.296,0.118,0.215,0.261,0.165,0.241,0.241,0.333,0.342,0.493,0.335,0.484,0.357,0.526,0.38,0.508,0.012,0.169
fore_mv20,0.311,0.317,0.358,0.326,0.338,0.035,0.032,0.203,0.21,0.043,0.07,0.0,0.072,0.135,0.327,0.361,0.247,0.187,0.222,0.279,0.207,0.139,0.334,0.389,0.277,0.456,0.496,0.376,0.296,0.488,0.538,0.405,0.009,0.055
fore_mv5,0.232,0.23,0.172,0.114,0.193,0.12,0.117,0.171,0.18,0.099,0.065,0.072,0.0,0.168,0.261,0.182,0.334,0.116,0.178,0.192,0.157,0.222,0.198,0.253,0.397,0.336,0.187,0.405,0.404,0.362,0.223,0.434,0.027,0.16
inst,0.201,0.202,0.134,0.095,0.161,0.06,0.071,0.187,0.191,0.199,0.159,0.135,0.168,0.0,0.065,0.048,0.08,0.11,0.149,0.162,0.125,0.063,0.153,0.143,0.334,0.224,0.184,0.254,0.318,0.215,0.178,0.239,0.067,0.057
inst_mv10,0.333,0.347,0.347,0.275,0.366,0.108,0.104,0.31,0.246,0.121,0.352,0.327,0.261,0.065,0.0,0.125,0.138,0.209,0.228,0.27,0.209,0.103,0.306,0.247,0.242,0.456,0.411,0.39,0.231,0.431,0.396,0.372,0.016,0.115
inst_mv20,0.372,0.377,0.371,0.332,0.38,0.051,0.053,0.334,0.284,0.085,0.283,0.361,0.182,0.048,0.125,0.0,0.117,0.274,0.271,0.29,0.267,0.222,0.348,0.325,0.217,0.39,0.435,0.322,0.197,0.363,0.407,0.295,0.008,0.057
inst_mv5,0.32,0.329,0.268,0.202,0.312,0.082,0.121,0.291,0.247,0.182,0.296,0.247,0.334,0.08,0.138,0.117,0.0,0.184,0.234,0.268,0.197,0.071,0.283,0.238,0.364,0.407,0.341,0.447,0.354,0.39,0.332,0.43,0.014,0.109
kospi,0.407,0.399,0.4,0.397,0.401,0.0,0.0,0.126,0.117,0.071,0.118,0.187,0.116,0.11,0.209,0.274,0.184,0.0,0.0,0.0,0.0,0.169,0.305,0.307,0.268,0.355,0.383,0.329,0.258,0.356,0.391,0.328,0.0,0.0
kospi_mv10,0.501,0.494,0.463,0.441,0.48,0.0,0.0,0.132,0.119,0.056,0.215,0.222,0.178,0.149,0.228,0.271,0.234,0.0,0.0,0.0,0.0,0.155,0.386,0.358,0.312,0.415,0.432,0.386,0.296,0.411,0.442,0.376,0.0,0.0
kospi_mv20,0.554,0.55,0.526,0.483,0.543,0.0,0.0,0.145,0.132,0.058,0.261,0.279,0.192,0.162,0.27,0.29,0.268,0.0,0.0,0.0,0.0,0.18,0.428,0.399,0.307,0.438,0.472,0.39,0.294,0.432,0.476,0.382,0.0,0.0
kospi_mv5,0.461,0.45,0.431,0.422,0.438,0.0,0.0,0.127,0.113,0.059,0.165,0.207,0.157,0.125,0.209,0.267,0.197,0.0,0.0,0.0,0.0,0.158,0.352,0.335,0.294,0.386,0.408,0.36,0.279,0.386,0.418,0.355,0.0,0.0
mfi,0.217,0.224,0.227,0.218,0.23,0.112,0.065,0.175,0.178,0.15,0.241,0.139,0.222,0.063,0.103,0.222,0.071,0.169,0.155,0.18,0.158,0.0,0.17,0.205,0.142,0.221,0.224,0.192,0.142,0.223,0.227,0.194,0.041,0.117
obv,0.484,0.475,0.488,0.49,0.48,0.04,0.06,0.192,0.174,0.075,0.241,0.334,0.198,0.153,0.306,0.348,0.283,0.305,0.386,0.428,0.352,0.17,0.0,0.112,0.301,0.369,0.398,0.333,0.309,0.383,0.41,0.348,0.022,0.097
obv_ema,0.536,0.537,0.525,0.5,0.534,0.036,0.034,0.137,0.114,0.085,0.333,0.389,0.253,0.143,0.247,0.325,0.238,0.307,0.358,0.399,0.335,0.205,0.112,0.0,0.349,0.469,0.503,0.429,0.345,0.472,0.516,0.43,0.011,0.076
trading_amount,0.235,0.242,0.237,0.228,0.238,0.098,0.062,0.14,0.167,0.277,0.342,0.277,0.397,0.334,0.242,0.217,0.364,0.268,0.312,0.307,0.294,0.142,0.301,0.349,0.0,0.078,0.092,0.05,0.009,0.076,0.084,0.052,0.066,0.108
trading_amount_mv10,0.303,0.308,0.337,0.344,0.324,0.07,0.085,0.221,0.2,0.135,0.493,0.456,0.336,0.224,0.456,0.39,0.407,0.355,0.415,0.438,0.386,0.221,0.369,0.469,0.078,0.0,0.05,0.037,0.071,0.017,0.055,0.04,0.011,0.14
trading_amount_mv20,0.312,0.315,0.349,0.375,0.332,0.02,0.023,0.241,0.217,0.065,0.335,0.496,0.187,0.184,0.411,0.435,0.341,0.383,0.432,0.472,0.408,0.224,0.398,0.503,0.092,0.05,0.0,0.078,0.082,0.055,0.023,0.074,0.009,0.055
trading_amount_mv5,0.285,0.292,0.31,0.305,0.307,0.101,0.089,0.2,0.192,0.178,0.484,0.376,0.405,0.254,0.39,0.322,0.447,0.329,0.386,0.39,0.36,0.192,0.333,0.429,0.05,0.037,0.078,0.0,0.045,0.041,0.075,0.013,0.009,0.149
volume,0.287,0.294,0.28,0.267,0.285,0.098,0.067,0.149,0.175,0.291,0.357,0.296,0.404,0.318,0.231,0.197,0.354,0.258,0.296,0.294,0.279,0.142,0.309,0.345,0.009,0.071,0.082,0.045,0.0,0.06,0.062,0.04,0.063,0.101
volume_mv10,0.381,0.389,0.418,0.415,0.407,0.076,0.082,0.234,0.214,0.147,0.526,0.488,0.362,0.215,0.431,0.363,0.39,0.356,0.411,0.432,0.386,0.223,0.383,0.472,0.076,0.017,0.055,0.041,0.06,0.0,0.032,0.025,0.013,0.14
volume_mv20,0.396,0.404,0.448,0.47,0.427,0.022,0.025,0.27,0.248,0.082,0.38,0.538,0.223,0.178,0.396,0.407,0.332,0.391,0.442,0.476,0.418,0.227,0.41,0.516,0.084,0.055,0.023,0.075,0.062,0.032,0.0,0.05,0.009,0.062
volume_mv5,0.353,0.363,0.374,0.362,0.376,0.106,0.088,0.211,0.201,0.192,0.508,0.405,0.434,0.239,0.372,0.295,0.43,0.328,0.376,0.382,0.355,0.194,0.348,0.43,0.052,0.04,0.074,0.013,0.04,0.025,0.05,0.0,0.01,0.141
weekday,0.021,0.024,0.009,0.007,0.01,0.0,0.0,0.017,0.037,0.059,0.012,0.009,0.027,0.067,0.016,0.008,0.014,0.0,0.0,0.0,0.0,0.041,0.022,0.011,0.066,0.011,0.009,0.009,0.063,0.013,0.009,0.01,0.0,0.0
weeknum,0.114,0.118,0.072,0.048,0.102,0.0,0.0,0.136,0.129,0.076,0.169,0.055,0.16,0.057,0.115,0.057,0.109,0.0,0.0,0.0,0.0,0.117,0.097,0.076,0.108,0.14,0.055,0.149,0.101,0.14,0.062,0.141,0.0,0.0
