,target_shift3,close,close_mv10,close_mv20,close_mv5,dayofmonth_freq_cos,dayofmonth_freq_sin,fast_d,fast_k,fore,fore_mv10,fore_mv20,fore_mv5,inst,inst_mv10,inst_mv20,inst_mv5,kospi,kospi_mv10,kospi_mv20,kospi_mv5,mfi,obv,obv_ema,trading_amount,trading_amount_mv10,trading_amount_mv20,trading_amount_mv5,volume,volume_mv10,volume_mv20,volume_mv5,weekday,weeknum
target_shift3,1.0,0.902,0.829,0.732,0.87,0.035,0.001,0.164,0.139,0.006,-0.097,-0.119,-0.059,0.046,0.073,0.044,0.098,0.377,0.34,0.284,0.365,-0.053,0.494,0.391,0.329,0.413,0.424,0.385,0.255,0.321,0.328,0.297,0.006,0.018
close,0.902,1.0,0.906,0.803,0.957,0.045,0.027,0.169,0.148,0.011,-0.09,-0.112,-0.038,0.03,0.074,0.023,0.075,0.415,0.364,0.309,0.392,-0.026,0.576,0.437,0.366,0.46,0.474,0.441,0.282,0.356,0.368,0.341,0.002,-0.011
close_mv10,0.829,0.906,1.0,0.943,0.971,0.031,0.034,-0.107,-0.176,-0.089,-0.17,-0.182,-0.146,-0.047,-0.039,-0.057,-0.06,0.392,0.435,0.393,0.428,-0.066,0.565,0.54,0.22,0.436,0.51,0.341,0.148,0.322,0.389,0.244,0.011,0.014
close_mv20,0.732,0.803,0.943,1.0,0.876,0.038,0.022,-0.333,-0.332,-0.106,-0.259,-0.279,-0.2,-0.025,-0.072,-0.114,-0.047,0.375,0.461,0.473,0.425,-0.131,0.538,0.608,0.116,0.286,0.439,0.197,0.052,0.182,0.312,0.111,0.012,0.039
close_mv5,0.87,0.957,0.971,0.876,1.0,0.042,0.036,0.058,-0.03,-0.069,-0.124,-0.141,-0.092,-0.049,0.027,-0.018,-0.011,0.403,0.4,0.346,0.422,-0.043,0.575,0.489,0.28,0.47,0.504,0.42,0.203,0.358,0.39,0.317,0.01,0.01
dayofmonth_freq_cos,0.035,0.045,0.031,0.038,0.042,1.0,-0.011,0.048,0.063,0.001,0.103,-0.004,0.067,0.038,-0.044,0.017,0.014,0.177,0.141,0.08,0.199,-0.065,0.044,0.044,-0.032,-0.073,0.007,-0.081,-0.032,-0.075,-0.001,-0.079,-0.005,-0.103
dayofmonth_freq_sin,0.001,0.027,0.034,0.022,0.036,-0.011,1.0,0.048,0.013,-0.084,-0.02,-0.005,-0.102,0.033,0.067,0.016,0.084,-0.038,0.09,0.038,0.036,-0.056,0.035,0.023,0.079,-0.009,0.005,0.057,0.072,-0.009,-0.0,0.053,-0.005,0.156
fast_d,0.164,0.169,-0.107,-0.333,0.058,0.048,0.048,1.0,0.899,0.126,0.331,0.309,0.275,0.073,0.281,0.228,0.227,0.046,-0.156,-0.272,-0.045,0.159,0.03,-0.281,0.246,0.181,0.019,0.267,0.235,0.19,0.061,0.259,-0.006,-0.073
fast_k,0.139,0.148,-0.176,-0.332,-0.03,0.063,0.013,0.899,1.0,0.246,0.299,0.254,0.299,0.216,0.279,0.205,0.295,0.058,-0.161,-0.235,-0.068,0.114,0.019,-0.262,0.207,0.081,-0.046,0.172,0.196,0.098,-0.005,0.172,-0.017,-0.067
fore,0.006,0.011,-0.089,-0.106,-0.069,0.001,-0.084,0.126,0.246,1.0,0.304,0.208,0.476,0.155,0.005,0.022,0.028,0.001,-0.064,-0.078,-0.043,-0.006,0.014,-0.089,0.031,-0.014,-0.04,-0.037,0.029,0.001,-0.02,-0.025,0.014,-0.024
fore_mv10,-0.097,-0.09,-0.17,-0.259,-0.124,0.103,-0.02,0.331,0.299,0.304,1.0,0.696,0.707,-0.007,-0.024,0.074,-0.032,-0.005,-0.077,-0.155,-0.03,0.03,0.029,-0.143,0.028,-0.015,-0.066,-0.001,0.041,0.009,-0.023,0.016,-0.004,0.005
fore_mv20,-0.119,-0.112,-0.182,-0.279,-0.141,-0.004,-0.005,0.309,0.254,0.208,0.696,1.0,0.48,-0.045,-0.071,-0.004,-0.074,-0.078,-0.121,-0.192,-0.094,0.026,-0.004,-0.189,0.058,0.056,-0.0,0.065,0.07,0.082,0.043,0.084,-0.003,-0.037
fore_mv5,-0.059,-0.038,-0.146,-0.2,-0.092,0.067,-0.102,0.275,0.299,0.476,0.707,0.48,1.0,0.02,0.032,0.068,-0.012,0.022,-0.074,-0.123,-0.025,0.053,0.056,-0.12,-0.026,-0.038,-0.071,-0.033,-0.023,-0.016,-0.035,-0.022,0.0,-0.007
inst,0.046,0.03,-0.047,-0.025,-0.049,0.038,0.033,0.073,0.216,0.155,-0.007,-0.045,0.02,1.0,0.374,0.264,0.53,0.063,0.095,0.103,0.06,-0.024,-0.034,-0.025,-0.064,-0.102,-0.094,-0.1,-0.084,-0.113,-0.107,-0.109,0.004,0.046
inst_mv10,0.073,0.074,-0.039,-0.072,0.027,-0.044,0.067,0.281,0.279,0.005,-0.024,-0.071,0.032,0.374,1.0,0.71,0.73,0.065,0.047,0.092,0.038,-0.012,-0.081,-0.119,-0.12,-0.19,-0.209,-0.15,-0.146,-0.222,-0.238,-0.183,0.002,0.027
inst_mv20,0.044,0.023,-0.057,-0.114,-0.018,0.017,0.016,0.228,0.205,0.022,0.074,-0.004,0.068,0.264,0.71,1.0,0.511,0.114,0.09,0.101,0.094,0.006,-0.1,-0.118,-0.106,-0.239,-0.288,-0.178,-0.125,-0.266,-0.324,-0.202,-0.0,-0.035
inst_mv5,0.098,0.075,-0.06,-0.047,-0.011,0.014,0.084,0.227,0.295,0.028,-0.032,-0.074,-0.012,0.53,0.73,0.511,1.0,0.05,0.074,0.11,0.036,-0.033,-0.09,-0.096,-0.074,-0.158,-0.155,-0.128,-0.102,-0.176,-0.176,-0.153,-0.007,0.068
kospi,0.377,0.415,0.392,0.375,0.403,0.177,-0.038,0.046,0.058,0.001,-0.005,-0.078,0.022,0.063,0.065,0.114,0.05,1.0,0.854,0.735,0.922,-0.101,0.464,0.472,-0.002,-0.0,-0.015,0.009,-0.048,-0.063,-0.082,-0.049,0.004,-0.023
kospi_mv10,0.34,0.364,0.435,0.461,0.4,0.141,0.09,-0.156,-0.161,-0.064,-0.077,-0.121,-0.074,0.095,0.047,0.09,0.074,0.854,1.0,0.938,0.958,-0.142,0.507,0.589,-0.064,-0.036,-0.009,-0.053,-0.114,-0.115,-0.098,-0.12,0.028,0.101
kospi_mv20,0.284,0.309,0.393,0.473,0.346,0.08,0.038,-0.272,-0.235,-0.078,-0.155,-0.192,-0.123,0.103,0.092,0.101,0.11,0.735,0.938,1.0,0.848,-0.151,0.516,0.652,-0.138,-0.13,-0.064,-0.148,-0.191,-0.214,-0.165,-0.22,0.025,0.103
kospi_mv5,0.365,0.392,0.428,0.425,0.422,0.199,0.036,-0.045,-0.068,-0.043,-0.03,-0.094,-0.025,0.06,0.038,0.094,0.036,0.922,0.958,0.848,1.0,-0.128,0.49,0.535,-0.021,-0.007,-0.004,-0.012,-0.068,-0.079,-0.083,-0.075,0.027,0.054
mfi,-0.053,-0.026,-0.066,-0.131,-0.043,-0.065,-0.056,0.159,0.114,-0.006,0.03,0.026,0.053,-0.024,-0.012,0.006,-0.033,-0.101,-0.142,-0.151,-0.128,1.0,-0.064,-0.168,0.158,0.155,0.012,0.204,0.172,0.176,0.041,0.224,0.011,-0.067
obv,0.494,0.576,0.565,0.538,0.575,0.044,0.035,0.03,0.019,0.014,0.029,-0.004,0.056,-0.034,-0.081,-0.1,-0.09,0.464,0.507,0.516,0.49,-0.064,1.0,0.845,0.111,0.154,0.214,0.142,0.037,0.06,0.116,0.052,0.015,0.03
obv_ema,0.391,0.437,0.54,0.608,0.489,0.044,0.023,-0.281,-0.262,-0.089,-0.143,-0.189,-0.12,-0.025,-0.119,-0.118,-0.096,0.472,0.589,0.652,0.535,-0.168,0.845,1.0,-0.1,-0.078,0.023,-0.1,-0.164,-0.174,-0.09,-0.184,0.016,0.064
trading_amount,0.329,0.366,0.22,0.116,0.28,-0.032,0.079,0.246,0.207,0.031,0.028,0.058,-0.026,-0.064,-0.12,-0.106,-0.074,-0.002,-0.064,-0.138,-0.021,0.158,0.111,-0.1,1.0,0.581,0.441,0.713,0.989,0.592,0.462,0.713,0.024,-0.011
trading_amount_mv10,0.413,0.46,0.436,0.286,0.47,-0.073,-0.009,0.181,0.081,-0.014,-0.015,0.056,-0.038,-0.102,-0.19,-0.239,-0.158,-0.0,-0.036,-0.13,-0.007,0.155,0.154,-0.078,0.581,1.0,0.844,0.869,0.567,0.983,0.854,0.85,0.0,0.013
trading_amount_mv20,0.424,0.474,0.51,0.439,0.504,0.007,0.005,0.019,-0.046,-0.04,-0.066,-0.0,-0.071,-0.094,-0.209,-0.288,-0.155,-0.015,-0.009,-0.064,-0.004,0.012,0.214,0.023,0.441,0.844,1.0,0.674,0.422,0.814,0.98,0.647,0.003,-0.009
trading_amount_mv5,0.385,0.441,0.341,0.197,0.42,-0.081,0.057,0.267,0.172,-0.037,-0.001,0.065,-0.033,-0.1,-0.15,-0.178,-0.128,0.009,-0.053,-0.148,-0.012,0.204,0.142,-0.1,0.713,0.869,0.674,1.0,0.7,0.868,0.694,0.985,-0.001,-0.0
volume,0.255,0.282,0.148,0.052,0.203,-0.032,0.072,0.235,0.196,0.029,0.041,0.07,-0.023,-0.084,-0.146,-0.125,-0.102,-0.048,-0.114,-0.191,-0.068,0.172,0.037,-0.164,0.989,0.567,0.422,0.7,1.0,0.597,0.461,0.721,0.025,-0.02
volume_mv10,0.321,0.356,0.322,0.182,0.358,-0.075,-0.009,0.19,0.098,0.001,0.009,0.082,-0.016,-0.113,-0.222,-0.266,-0.176,-0.063,-0.115,-0.214,-0.079,0.176,0.06,-0.174,0.592,0.983,0.814,0.868,0.597,1.0,0.856,0.877,-0.003,0.0
volume_mv20,0.328,0.368,0.389,0.312,0.39,-0.001,-0.0,0.061,-0.005,-0.02,-0.023,0.043,-0.035,-0.107,-0.238,-0.324,-0.176,-0.082,-0.098,-0.165,-0.083,0.041,0.116,-0.09,0.462,0.854,0.98,0.694,0.461,0.856,1.0,0.693,0.0,-0.019
volume_mv5,0.297,0.341,0.244,0.111,0.317,-0.079,0.053,0.259,0.172,-0.025,0.016,0.084,-0.022,-0.109,-0.183,-0.202,-0.153,-0.049,-0.12,-0.22,-0.075,0.224,0.052,-0.184,0.713,0.85,0.647,0.985,0.721,0.877,0.693,1.0,-0.003,-0.018
weekday,0.006,0.002,0.011,0.012,0.01,-0.005,-0.005,-0.006,-0.017,0.014,-0.004,-0.003,0.0,0.004,0.002,-0.0,-0.007,0.004,0.028,0.025,0.027,0.011,0.015,0.016,0.024,0.0,0.003,-0.001,0.025,-0.003,0.0,-0.003,1.0,0.003
weeknum,0.018,-0.011,0.014,0.039,0.01,-0.103,0.156,-0.073,-0.067,-0.024,0.005,-0.037,-0.007,0.046,0.027,-0.035,0.068,-0.023,0.101,0.103,0.054,-0.067,0.03,0.064,-0.011,0.013,-0.009,-0.0,-0.02,0.0,-0.019,-0.018,0.003,1.0
